{
 "cells": [
  {
   "cell_type": "markdown",
   "metadata": {},
   "source": [
    "### Desafío 2. Rendimiento escolar\n",
    "\n",
    "<br>\n",
    "\n",
    "Nombre: **Julio Valdés**\n",
    "\n",
    "Profesor: Gabriel Tamayo\n",
    "\n",
    "Generación: **G5**\n"
   ]
  },
  {
   "cell_type": "markdown",
   "metadata": {},
   "source": [
    "## Hito 1"
   ]
  },
  {
   "cell_type": "markdown",
   "metadata": {},
   "source": [
    "### Preliminares\n",
    "#### Descripción del problema y objetivos\n",
    "* Se desea identificar aquellos alumnos que presentan un bajo desempeño académico, medido en el promedio final del año escolar, a partir de un conjunto de variables sociodemográficas y conductuales de los alumnos. Además se buscan categorías latentes a partir de preguntas asociadas a aspectos ambientales del alumno. \n",
    "* El tipo de problema a resolver es de regresión.\n",
    "* El objetivo de este trabajo es desarrollar un modelo predictivo para obtener el promedio final de un alumno en base a una serie de atributos sociodemográficos y conductuales. Además evaluar la existencia de factores latentes en preguntas de aspectos ambientales del alumno.\n",
    "\n",
    "#### Descripción de la solución\n",
    "* Se realizará un análisis descriptivo sobre las diferentes variables sociodemográficas y conductuales.\n",
    "* Se eliminarán valores nulos.\n",
    "* Se recodificarán las variables de acuerdo a lo indicado en \"Aspectos adicionales a considerar\".\n",
    "* Se estandarizarán las variables que correspondan.\n",
    "* Se evaluará la existencia de factores latentes en preguntas de aspectos ambientales del alumno.\n",
    "* Se construirá un modelo de regresión logística que considere a todas las variables sociodemográficas y conductuales. El modelo será entrenado con un 67% de los datos y validado con el 33% de estos.\n",
    "* El modelo será optimizado considerando las variables que tengan mayor correlación con la variable dependiente.\n",
    "* El modelo será evaluado de acuerdo a las métricas de Error Cuadrático Promedio y R2.\n",
    "* En base a la evaluación anterior se establecerán las conclusiones."
   ]
  },
  {
   "cell_type": "markdown",
   "metadata": {},
   "source": [
    "### Aspectos computacionales\n",
    "#### Descripción de librerías y módulos\n",
    "Se usarán las siguientes librerías y módulos por cada etapa de la construcción del modelo:\n",
    "* ingesta: pandas\n",
    "* preprocesamiento: pandas, numpy, StandardScaler desde sklearn.preprocessing\n",
    "* visualización: matplotlib, seaborn, missingno\n",
    "* modelación: LogisticRegression desde sklearn.linear_model, train_test_split desde sklearn.model_selection\n",
    "* métricas de evaluación: mean_squared_error, r2_score desde sklearn.metrics"
   ]
  },
  {
   "cell_type": "markdown",
   "metadata": {},
   "source": [
    "## Hito 2"
   ]
  },
  {
   "cell_type": "markdown",
   "metadata": {},
   "source": [
    "### Descripción\n",
    "* Inspección visual del vector objetivo\n",
    "* Inspección visual de las variables\n",
    "* Inspección de datos perdidos\n",
    "* Preprocesamiento y recodificación de las variables"
   ]
  },
  {
   "cell_type": "code",
   "execution_count": 35,
   "metadata": {
    "scrolled": true
   },
   "outputs": [
    {
     "data": {
      "text/html": [
       "<div>\n",
       "<style scoped>\n",
       "    .dataframe tbody tr th:only-of-type {\n",
       "        vertical-align: middle;\n",
       "    }\n",
       "\n",
       "    .dataframe tbody tr th {\n",
       "        vertical-align: top;\n",
       "    }\n",
       "\n",
       "    .dataframe thead th {\n",
       "        text-align: right;\n",
       "    }\n",
       "</style>\n",
       "<table border=\"1\" class=\"dataframe\">\n",
       "  <thead>\n",
       "    <tr style=\"text-align: right;\">\n",
       "      <th></th>\n",
       "      <th>school</th>\n",
       "      <th>sex</th>\n",
       "      <th>age</th>\n",
       "      <th>address</th>\n",
       "      <th>famsize</th>\n",
       "      <th>Pstatus</th>\n",
       "      <th>Medu</th>\n",
       "      <th>Fedu</th>\n",
       "      <th>Mjob</th>\n",
       "      <th>Fjob</th>\n",
       "      <th>...</th>\n",
       "      <th>famrel</th>\n",
       "      <th>freetime</th>\n",
       "      <th>goout</th>\n",
       "      <th>Dalc</th>\n",
       "      <th>Walc</th>\n",
       "      <th>health</th>\n",
       "      <th>absences</th>\n",
       "      <th>G1</th>\n",
       "      <th>G2</th>\n",
       "      <th>G3</th>\n",
       "    </tr>\n",
       "  </thead>\n",
       "  <tbody>\n",
       "    <tr>\n",
       "      <th>0</th>\n",
       "      <td>GP</td>\n",
       "      <td>F</td>\n",
       "      <td>nulidade</td>\n",
       "      <td>U</td>\n",
       "      <td>GT3</td>\n",
       "      <td>A</td>\n",
       "      <td>4</td>\n",
       "      <td>4</td>\n",
       "      <td>at_home</td>\n",
       "      <td>teacher</td>\n",
       "      <td>...</td>\n",
       "      <td>4</td>\n",
       "      <td>3</td>\n",
       "      <td>\"4\"</td>\n",
       "      <td>1</td>\n",
       "      <td>1</td>\n",
       "      <td>\"3\"</td>\n",
       "      <td>6</td>\n",
       "      <td>5</td>\n",
       "      <td>6</td>\n",
       "      <td>6</td>\n",
       "    </tr>\n",
       "    <tr>\n",
       "      <th>1</th>\n",
       "      <td>GP</td>\n",
       "      <td>F</td>\n",
       "      <td>\"17\"</td>\n",
       "      <td>U</td>\n",
       "      <td>GT3</td>\n",
       "      <td>T</td>\n",
       "      <td>1</td>\n",
       "      <td>1</td>\n",
       "      <td>at_home</td>\n",
       "      <td>other</td>\n",
       "      <td>...</td>\n",
       "      <td>5</td>\n",
       "      <td>3</td>\n",
       "      <td>\"3\"</td>\n",
       "      <td>1</td>\n",
       "      <td>1</td>\n",
       "      <td>\"3\"</td>\n",
       "      <td>4</td>\n",
       "      <td>5</td>\n",
       "      <td>5</td>\n",
       "      <td>6</td>\n",
       "    </tr>\n",
       "    <tr>\n",
       "      <th>2</th>\n",
       "      <td>GP</td>\n",
       "      <td>F</td>\n",
       "      <td>\"15\"</td>\n",
       "      <td>U</td>\n",
       "      <td>LE3</td>\n",
       "      <td>T</td>\n",
       "      <td>1</td>\n",
       "      <td>1</td>\n",
       "      <td>at_home</td>\n",
       "      <td>other</td>\n",
       "      <td>...</td>\n",
       "      <td>4</td>\n",
       "      <td>3</td>\n",
       "      <td>\"2\"</td>\n",
       "      <td>2</td>\n",
       "      <td>3</td>\n",
       "      <td>\"3\"</td>\n",
       "      <td>10</td>\n",
       "      <td>zero</td>\n",
       "      <td>8</td>\n",
       "      <td>10</td>\n",
       "    </tr>\n",
       "    <tr>\n",
       "      <th>3</th>\n",
       "      <td>GP</td>\n",
       "      <td>F</td>\n",
       "      <td>\"15\"</td>\n",
       "      <td>U</td>\n",
       "      <td>GT3</td>\n",
       "      <td>T</td>\n",
       "      <td>4</td>\n",
       "      <td>2</td>\n",
       "      <td>health</td>\n",
       "      <td>services</td>\n",
       "      <td>...</td>\n",
       "      <td>3</td>\n",
       "      <td>2</td>\n",
       "      <td>\"2\"</td>\n",
       "      <td>1</td>\n",
       "      <td>1</td>\n",
       "      <td>\"5\"</td>\n",
       "      <td>2</td>\n",
       "      <td>15</td>\n",
       "      <td>14</td>\n",
       "      <td>15</td>\n",
       "    </tr>\n",
       "    <tr>\n",
       "      <th>4</th>\n",
       "      <td>GP</td>\n",
       "      <td>F</td>\n",
       "      <td>sem validade</td>\n",
       "      <td>U</td>\n",
       "      <td>GT3</td>\n",
       "      <td>T</td>\n",
       "      <td>3</td>\n",
       "      <td>3</td>\n",
       "      <td>other</td>\n",
       "      <td>other</td>\n",
       "      <td>...</td>\n",
       "      <td>4</td>\n",
       "      <td>3</td>\n",
       "      <td>\"2\"</td>\n",
       "      <td>1</td>\n",
       "      <td>2</td>\n",
       "      <td>\"5\"</td>\n",
       "      <td>4</td>\n",
       "      <td>6</td>\n",
       "      <td>10</td>\n",
       "      <td>10</td>\n",
       "    </tr>\n",
       "  </tbody>\n",
       "</table>\n",
       "<p>5 rows × 33 columns</p>\n",
       "</div>"
      ],
      "text/plain": [
       "  school sex           age address famsize Pstatus Medu Fedu     Mjob  \\\n",
       "0     GP   F      nulidade       U     GT3       A    4    4  at_home   \n",
       "1     GP   F          \"17\"       U     GT3       T    1    1  at_home   \n",
       "2     GP   F          \"15\"       U     LE3       T    1    1  at_home   \n",
       "3     GP   F          \"15\"       U     GT3       T    4    2   health   \n",
       "4     GP   F  sem validade       U     GT3       T    3    3    other   \n",
       "\n",
       "       Fjob  ... famrel freetime goout Dalc Walc health absences    G1  G2  G3  \n",
       "0   teacher  ...      4        3   \"4\"    1    1    \"3\"        6     5   6   6  \n",
       "1     other  ...      5        3   \"3\"    1    1    \"3\"        4     5   5   6  \n",
       "2     other  ...      4        3   \"2\"    2    3    \"3\"       10  zero   8  10  \n",
       "3  services  ...      3        2   \"2\"    1    1    \"5\"        2    15  14  15  \n",
       "4     other  ...      4        3   \"2\"    1    2    \"5\"        4     6  10  10  \n",
       "\n",
       "[5 rows x 33 columns]"
      ]
     },
     "execution_count": 35,
     "metadata": {},
     "output_type": "execute_result"
    }
   ],
   "source": [
    "import pandas as pd\n",
    "import numpy as np\n",
    "\n",
    "import matplotlib.pyplot as plt\n",
    "import missingno as msngo\n",
    "\n",
    "df = pd.read_csv('students.csv', sep='|').drop('Unnamed: 0', axis=1)\n",
    "df.head(5)"
   ]
  },
  {
   "cell_type": "code",
   "execution_count": 36,
   "metadata": {},
   "outputs": [],
   "source": [
    "# Preprocesamiento\n",
    "df = df.replace([\"nulidade\", \"sem validade\", \"zero\"], [np.nan, np.nan, np.nan])\n",
    "df['age'] = df['age'].str.replace('\"', '')\n",
    "df['goout'] = df['goout'].str.replace('\"', '')\n",
    "df['health'] = df['health'].str.replace('\"', '')\n",
    "df[\"age\"] = pd.to_numeric(df[\"age\"])\n",
    "df[\"Medu\"] = pd.to_numeric(df[\"Medu\"])\n",
    "df[\"Fedu\"] = pd.to_numeric(df[\"Fedu\"])\n",
    "df[\"traveltime\"] = pd.to_numeric(df[\"traveltime\"])\n",
    "df[\"studytime\"] = pd.to_numeric(df[\"studytime\"])\n",
    "df[\"failures\"] = pd.to_numeric(df[\"failures\"])\n",
    "df[\"famrel\"] = pd.to_numeric(df[\"famrel\"])\n",
    "df[\"freetime\"] = pd.to_numeric(df[\"freetime\"])\n",
    "df[\"goout\"] = pd.to_numeric(df[\"goout\"])\n",
    "df[\"Dalc\"] = pd.to_numeric(df[\"Dalc\"])\n",
    "df[\"Walc\"] = pd.to_numeric(df[\"Walc\"])\n",
    "df[\"health\"] = pd.to_numeric(df[\"health\"])\n",
    "df[\"absences\"] = pd.to_numeric(df[\"absences\"])\n",
    "df[\"G1\"] = pd.to_numeric(df[\"G1\"])\n",
    "df[\"G2\"] = pd.to_numeric(df[\"G2\"])\n",
    "df[\"G3\"] = pd.to_numeric(df[\"G3\"])"
   ]
  },
  {
   "cell_type": "code",
   "execution_count": 37,
   "metadata": {},
   "outputs": [
    {
     "data": {
      "text/plain": [
       "count    392.000000\n",
       "mean      10.446429\n",
       "std        4.568007\n",
       "min        0.000000\n",
       "25%        8.000000\n",
       "50%       11.000000\n",
       "75%       14.000000\n",
       "max       20.000000\n",
       "Name: G3, dtype: float64"
      ]
     },
     "execution_count": 37,
     "metadata": {},
     "output_type": "execute_result"
    }
   ],
   "source": [
    "# Inspección visual del vector objetivo\n",
    "df['G3'].describe()"
   ]
  },
  {
   "cell_type": "code",
   "execution_count": 38,
   "metadata": {},
   "outputs": [
    {
     "data": {
      "text/html": [
       "<div>\n",
       "<style scoped>\n",
       "    .dataframe tbody tr th:only-of-type {\n",
       "        vertical-align: middle;\n",
       "    }\n",
       "\n",
       "    .dataframe tbody tr th {\n",
       "        vertical-align: top;\n",
       "    }\n",
       "\n",
       "    .dataframe thead th {\n",
       "        text-align: right;\n",
       "    }\n",
       "</style>\n",
       "<table border=\"1\" class=\"dataframe\">\n",
       "  <thead>\n",
       "    <tr style=\"text-align: right;\">\n",
       "      <th></th>\n",
       "      <th>age</th>\n",
       "      <th>Medu</th>\n",
       "      <th>Fedu</th>\n",
       "      <th>traveltime</th>\n",
       "      <th>studytime</th>\n",
       "      <th>failures</th>\n",
       "      <th>famrel</th>\n",
       "      <th>freetime</th>\n",
       "      <th>goout</th>\n",
       "      <th>Dalc</th>\n",
       "      <th>Walc</th>\n",
       "      <th>health</th>\n",
       "      <th>absences</th>\n",
       "      <th>G1</th>\n",
       "      <th>G2</th>\n",
       "      <th>G3</th>\n",
       "    </tr>\n",
       "  </thead>\n",
       "  <tbody>\n",
       "    <tr>\n",
       "      <th>count</th>\n",
       "      <td>391.000000</td>\n",
       "      <td>392.000000</td>\n",
       "      <td>390.000000</td>\n",
       "      <td>392.000000</td>\n",
       "      <td>390.000000</td>\n",
       "      <td>390.000000</td>\n",
       "      <td>390.000000</td>\n",
       "      <td>393.000000</td>\n",
       "      <td>390.000000</td>\n",
       "      <td>392.000000</td>\n",
       "      <td>390.000000</td>\n",
       "      <td>391.000000</td>\n",
       "      <td>391.000000</td>\n",
       "      <td>391.000000</td>\n",
       "      <td>395.000000</td>\n",
       "      <td>392.000000</td>\n",
       "    </tr>\n",
       "    <tr>\n",
       "      <th>mean</th>\n",
       "      <td>16.698210</td>\n",
       "      <td>2.742347</td>\n",
       "      <td>2.525641</td>\n",
       "      <td>1.451531</td>\n",
       "      <td>2.038462</td>\n",
       "      <td>0.335897</td>\n",
       "      <td>3.948718</td>\n",
       "      <td>3.229008</td>\n",
       "      <td>3.102564</td>\n",
       "      <td>1.482143</td>\n",
       "      <td>2.294872</td>\n",
       "      <td>3.570332</td>\n",
       "      <td>5.731458</td>\n",
       "      <td>10.933504</td>\n",
       "      <td>10.713924</td>\n",
       "      <td>10.446429</td>\n",
       "    </tr>\n",
       "    <tr>\n",
       "      <th>std</th>\n",
       "      <td>1.279412</td>\n",
       "      <td>1.095185</td>\n",
       "      <td>1.088906</td>\n",
       "      <td>0.699066</td>\n",
       "      <td>0.842970</td>\n",
       "      <td>0.746883</td>\n",
       "      <td>0.896973</td>\n",
       "      <td>0.996664</td>\n",
       "      <td>1.117629</td>\n",
       "      <td>0.893104</td>\n",
       "      <td>1.293736</td>\n",
       "      <td>1.377303</td>\n",
       "      <td>8.025089</td>\n",
       "      <td>3.320593</td>\n",
       "      <td>3.761505</td>\n",
       "      <td>4.568007</td>\n",
       "    </tr>\n",
       "    <tr>\n",
       "      <th>min</th>\n",
       "      <td>15.000000</td>\n",
       "      <td>0.000000</td>\n",
       "      <td>0.000000</td>\n",
       "      <td>1.000000</td>\n",
       "      <td>1.000000</td>\n",
       "      <td>0.000000</td>\n",
       "      <td>1.000000</td>\n",
       "      <td>1.000000</td>\n",
       "      <td>1.000000</td>\n",
       "      <td>1.000000</td>\n",
       "      <td>1.000000</td>\n",
       "      <td>1.000000</td>\n",
       "      <td>0.000000</td>\n",
       "      <td>3.000000</td>\n",
       "      <td>0.000000</td>\n",
       "      <td>0.000000</td>\n",
       "    </tr>\n",
       "    <tr>\n",
       "      <th>25%</th>\n",
       "      <td>16.000000</td>\n",
       "      <td>2.000000</td>\n",
       "      <td>2.000000</td>\n",
       "      <td>1.000000</td>\n",
       "      <td>1.000000</td>\n",
       "      <td>0.000000</td>\n",
       "      <td>4.000000</td>\n",
       "      <td>3.000000</td>\n",
       "      <td>2.000000</td>\n",
       "      <td>1.000000</td>\n",
       "      <td>1.000000</td>\n",
       "      <td>3.000000</td>\n",
       "      <td>0.000000</td>\n",
       "      <td>8.000000</td>\n",
       "      <td>9.000000</td>\n",
       "      <td>8.000000</td>\n",
       "    </tr>\n",
       "    <tr>\n",
       "      <th>50%</th>\n",
       "      <td>17.000000</td>\n",
       "      <td>3.000000</td>\n",
       "      <td>2.500000</td>\n",
       "      <td>1.000000</td>\n",
       "      <td>2.000000</td>\n",
       "      <td>0.000000</td>\n",
       "      <td>4.000000</td>\n",
       "      <td>3.000000</td>\n",
       "      <td>3.000000</td>\n",
       "      <td>1.000000</td>\n",
       "      <td>2.000000</td>\n",
       "      <td>4.000000</td>\n",
       "      <td>4.000000</td>\n",
       "      <td>11.000000</td>\n",
       "      <td>11.000000</td>\n",
       "      <td>11.000000</td>\n",
       "    </tr>\n",
       "    <tr>\n",
       "      <th>75%</th>\n",
       "      <td>18.000000</td>\n",
       "      <td>4.000000</td>\n",
       "      <td>3.000000</td>\n",
       "      <td>2.000000</td>\n",
       "      <td>2.000000</td>\n",
       "      <td>0.000000</td>\n",
       "      <td>5.000000</td>\n",
       "      <td>4.000000</td>\n",
       "      <td>4.000000</td>\n",
       "      <td>2.000000</td>\n",
       "      <td>3.000000</td>\n",
       "      <td>5.000000</td>\n",
       "      <td>8.000000</td>\n",
       "      <td>13.000000</td>\n",
       "      <td>13.000000</td>\n",
       "      <td>14.000000</td>\n",
       "    </tr>\n",
       "    <tr>\n",
       "      <th>max</th>\n",
       "      <td>22.000000</td>\n",
       "      <td>4.000000</td>\n",
       "      <td>4.000000</td>\n",
       "      <td>4.000000</td>\n",
       "      <td>4.000000</td>\n",
       "      <td>3.000000</td>\n",
       "      <td>5.000000</td>\n",
       "      <td>5.000000</td>\n",
       "      <td>5.000000</td>\n",
       "      <td>5.000000</td>\n",
       "      <td>5.000000</td>\n",
       "      <td>5.000000</td>\n",
       "      <td>75.000000</td>\n",
       "      <td>19.000000</td>\n",
       "      <td>19.000000</td>\n",
       "      <td>20.000000</td>\n",
       "    </tr>\n",
       "  </tbody>\n",
       "</table>\n",
       "</div>"
      ],
      "text/plain": [
       "              age        Medu        Fedu  traveltime   studytime    failures  \\\n",
       "count  391.000000  392.000000  390.000000  392.000000  390.000000  390.000000   \n",
       "mean    16.698210    2.742347    2.525641    1.451531    2.038462    0.335897   \n",
       "std      1.279412    1.095185    1.088906    0.699066    0.842970    0.746883   \n",
       "min     15.000000    0.000000    0.000000    1.000000    1.000000    0.000000   \n",
       "25%     16.000000    2.000000    2.000000    1.000000    1.000000    0.000000   \n",
       "50%     17.000000    3.000000    2.500000    1.000000    2.000000    0.000000   \n",
       "75%     18.000000    4.000000    3.000000    2.000000    2.000000    0.000000   \n",
       "max     22.000000    4.000000    4.000000    4.000000    4.000000    3.000000   \n",
       "\n",
       "           famrel    freetime       goout        Dalc        Walc      health  \\\n",
       "count  390.000000  393.000000  390.000000  392.000000  390.000000  391.000000   \n",
       "mean     3.948718    3.229008    3.102564    1.482143    2.294872    3.570332   \n",
       "std      0.896973    0.996664    1.117629    0.893104    1.293736    1.377303   \n",
       "min      1.000000    1.000000    1.000000    1.000000    1.000000    1.000000   \n",
       "25%      4.000000    3.000000    2.000000    1.000000    1.000000    3.000000   \n",
       "50%      4.000000    3.000000    3.000000    1.000000    2.000000    4.000000   \n",
       "75%      5.000000    4.000000    4.000000    2.000000    3.000000    5.000000   \n",
       "max      5.000000    5.000000    5.000000    5.000000    5.000000    5.000000   \n",
       "\n",
       "         absences          G1          G2          G3  \n",
       "count  391.000000  391.000000  395.000000  392.000000  \n",
       "mean     5.731458   10.933504   10.713924   10.446429  \n",
       "std      8.025089    3.320593    3.761505    4.568007  \n",
       "min      0.000000    3.000000    0.000000    0.000000  \n",
       "25%      0.000000    8.000000    9.000000    8.000000  \n",
       "50%      4.000000   11.000000   11.000000   11.000000  \n",
       "75%      8.000000   13.000000   13.000000   14.000000  \n",
       "max     75.000000   19.000000   19.000000   20.000000  "
      ]
     },
     "execution_count": 38,
     "metadata": {},
     "output_type": "execute_result"
    }
   ],
   "source": [
    "# Inspección visual de las variables\n",
    "df.describe()"
   ]
  },
  {
   "cell_type": "code",
   "execution_count": 39,
   "metadata": {},
   "outputs": [
    {
     "name": "stdout",
     "output_type": "stream",
     "text": [
      "school\n",
      "GP    0.884615\n",
      "MS    0.115385\n",
      "Name: school, dtype: float64\n",
      "sex\n",
      "F    0.52551\n",
      "M    0.47449\n",
      "Name: sex, dtype: float64\n",
      "address\n",
      "U    0.776081\n",
      "R    0.223919\n",
      "Name: address, dtype: float64\n",
      "famsize\n",
      "GT3    0.710997\n",
      "LE3    0.289003\n",
      "Name: famsize, dtype: float64\n",
      "Pstatus\n",
      "T    0.897172\n",
      "A    0.102828\n",
      "Name: Pstatus, dtype: float64\n",
      "Mjob\n",
      "other       0.354756\n",
      "services    0.262211\n",
      "at_home     0.151671\n",
      "teacher     0.146530\n",
      "health      0.084833\n",
      "Name: Mjob, dtype: float64\n",
      "Fjob\n",
      "other       0.549367\n",
      "services    0.281013\n",
      "teacher     0.073418\n",
      "at_home     0.050633\n",
      "health      0.045570\n",
      "Name: Fjob, dtype: float64\n",
      "reason\n",
      "course        0.368286\n",
      "home          0.276215\n",
      "reputation    0.263427\n",
      "other         0.092072\n",
      "Name: reason, dtype: float64\n",
      "guardian\n",
      "mother    0.690537\n",
      "father    0.227621\n",
      "other     0.081841\n",
      "Name: guardian, dtype: float64\n",
      "schoolsup\n",
      "no     0.870801\n",
      "yes    0.129199\n",
      "Name: schoolsup, dtype: float64\n",
      "famsup\n",
      "yes    0.612821\n",
      "no     0.387179\n",
      "Name: famsup, dtype: float64\n",
      "paid\n",
      "no     0.543147\n",
      "yes    0.456853\n",
      "Name: paid, dtype: float64\n",
      "activities\n",
      "yes    0.510256\n",
      "no     0.489744\n",
      "Name: activities, dtype: float64\n",
      "nursery\n",
      "yes    0.794344\n",
      "no     0.205656\n",
      "Name: nursery, dtype: float64\n",
      "higher\n",
      "yes    0.948586\n",
      "no     0.051414\n",
      "Name: higher, dtype: float64\n",
      "internet\n",
      "yes    0.834184\n",
      "no     0.165816\n",
      "Name: internet, dtype: float64\n",
      "romantic\n",
      "no     0.666667\n",
      "yes    0.333333\n",
      "Name: romantic, dtype: float64\n"
     ]
    }
   ],
   "source": [
    "# Inspección visual de las variables\n",
    "for var in ['school', 'sex', 'address', 'famsize', 'Pstatus', 'Mjob', 'Fjob', 'reason', 'guardian', 'schoolsup', 'famsup', 'paid', 'activities', 'nursery', 'higher', 'internet', 'romantic']:\n",
    "    print(var)\n",
    "    print(df[var].value_counts('%'))"
   ]
  },
  {
   "cell_type": "code",
   "execution_count": 41,
   "metadata": {},
   "outputs": [
    {
     "data": {
      "text/html": [
       "<div>\n",
       "<style scoped>\n",
       "    .dataframe tbody tr th:only-of-type {\n",
       "        vertical-align: middle;\n",
       "    }\n",
       "\n",
       "    .dataframe tbody tr th {\n",
       "        vertical-align: top;\n",
       "    }\n",
       "\n",
       "    .dataframe thead th {\n",
       "        text-align: right;\n",
       "    }\n",
       "</style>\n",
       "<table border=\"1\" class=\"dataframe\">\n",
       "  <thead>\n",
       "    <tr style=\"text-align: right;\">\n",
       "      <th></th>\n",
       "      <th>age</th>\n",
       "      <th>Medu</th>\n",
       "      <th>Fedu</th>\n",
       "      <th>traveltime</th>\n",
       "      <th>studytime</th>\n",
       "      <th>failures</th>\n",
       "      <th>famrel</th>\n",
       "      <th>freetime</th>\n",
       "      <th>goout</th>\n",
       "      <th>Dalc</th>\n",
       "      <th>Walc</th>\n",
       "      <th>health</th>\n",
       "      <th>absences</th>\n",
       "      <th>G1</th>\n",
       "      <th>G2</th>\n",
       "      <th>G3</th>\n",
       "    </tr>\n",
       "  </thead>\n",
       "  <tbody>\n",
       "    <tr>\n",
       "      <th>age</th>\n",
       "      <td>1.000000</td>\n",
       "      <td>-0.167015</td>\n",
       "      <td>-0.171418</td>\n",
       "      <td>0.068276</td>\n",
       "      <td>0.000939</td>\n",
       "      <td>0.245542</td>\n",
       "      <td>0.055171</td>\n",
       "      <td>0.016832</td>\n",
       "      <td>0.123434</td>\n",
       "      <td>0.129071</td>\n",
       "      <td>0.126035</td>\n",
       "      <td>-0.052043</td>\n",
       "      <td>0.171972</td>\n",
       "      <td>-0.067711</td>\n",
       "      <td>-0.141697</td>\n",
       "      <td>-0.151281</td>\n",
       "    </tr>\n",
       "    <tr>\n",
       "      <th>Medu</th>\n",
       "      <td>-0.167015</td>\n",
       "      <td>1.000000</td>\n",
       "      <td>0.623658</td>\n",
       "      <td>-0.172317</td>\n",
       "      <td>0.070945</td>\n",
       "      <td>-0.232054</td>\n",
       "      <td>0.003077</td>\n",
       "      <td>0.028947</td>\n",
       "      <td>0.066094</td>\n",
       "      <td>0.023131</td>\n",
       "      <td>-0.049330</td>\n",
       "      <td>-0.032245</td>\n",
       "      <td>0.102970</td>\n",
       "      <td>0.193389</td>\n",
       "      <td>0.209363</td>\n",
       "      <td>0.206274</td>\n",
       "    </tr>\n",
       "    <tr>\n",
       "      <th>Fedu</th>\n",
       "      <td>-0.171418</td>\n",
       "      <td>0.623658</td>\n",
       "      <td>1.000000</td>\n",
       "      <td>-0.156633</td>\n",
       "      <td>-0.000988</td>\n",
       "      <td>-0.253699</td>\n",
       "      <td>-0.007223</td>\n",
       "      <td>-0.022691</td>\n",
       "      <td>0.053343</td>\n",
       "      <td>0.010603</td>\n",
       "      <td>-0.002497</td>\n",
       "      <td>0.021310</td>\n",
       "      <td>0.023769</td>\n",
       "      <td>0.183592</td>\n",
       "      <td>0.166323</td>\n",
       "      <td>0.147424</td>\n",
       "    </tr>\n",
       "    <tr>\n",
       "      <th>traveltime</th>\n",
       "      <td>0.068276</td>\n",
       "      <td>-0.172317</td>\n",
       "      <td>-0.156633</td>\n",
       "      <td>1.000000</td>\n",
       "      <td>-0.097773</td>\n",
       "      <td>0.097450</td>\n",
       "      <td>-0.014399</td>\n",
       "      <td>-0.010801</td>\n",
       "      <td>0.029055</td>\n",
       "      <td>0.135563</td>\n",
       "      <td>0.126178</td>\n",
       "      <td>0.001518</td>\n",
       "      <td>-0.017003</td>\n",
       "      <td>-0.098264</td>\n",
       "      <td>-0.152342</td>\n",
       "      <td>-0.112332</td>\n",
       "    </tr>\n",
       "    <tr>\n",
       "      <th>studytime</th>\n",
       "      <td>0.000939</td>\n",
       "      <td>0.070945</td>\n",
       "      <td>-0.000988</td>\n",
       "      <td>-0.097773</td>\n",
       "      <td>1.000000</td>\n",
       "      <td>-0.177134</td>\n",
       "      <td>0.030327</td>\n",
       "      <td>-0.148808</td>\n",
       "      <td>-0.067799</td>\n",
       "      <td>-0.204538</td>\n",
       "      <td>-0.252974</td>\n",
       "      <td>-0.087647</td>\n",
       "      <td>-0.057211</td>\n",
       "      <td>0.165170</td>\n",
       "      <td>0.134902</td>\n",
       "      <td>0.090897</td>\n",
       "    </tr>\n",
       "    <tr>\n",
       "      <th>failures</th>\n",
       "      <td>0.245542</td>\n",
       "      <td>-0.232054</td>\n",
       "      <td>-0.253699</td>\n",
       "      <td>0.097450</td>\n",
       "      <td>-0.177134</td>\n",
       "      <td>1.000000</td>\n",
       "      <td>-0.048290</td>\n",
       "      <td>0.091870</td>\n",
       "      <td>0.127459</td>\n",
       "      <td>0.138057</td>\n",
       "      <td>0.142472</td>\n",
       "      <td>0.075659</td>\n",
       "      <td>0.060324</td>\n",
       "      <td>-0.352140</td>\n",
       "      <td>-0.357422</td>\n",
       "      <td>-0.364258</td>\n",
       "    </tr>\n",
       "    <tr>\n",
       "      <th>famrel</th>\n",
       "      <td>0.055171</td>\n",
       "      <td>0.003077</td>\n",
       "      <td>-0.007223</td>\n",
       "      <td>-0.014399</td>\n",
       "      <td>0.030327</td>\n",
       "      <td>-0.048290</td>\n",
       "      <td>1.000000</td>\n",
       "      <td>0.157335</td>\n",
       "      <td>0.065852</td>\n",
       "      <td>-0.085185</td>\n",
       "      <td>-0.117735</td>\n",
       "      <td>0.112914</td>\n",
       "      <td>-0.040674</td>\n",
       "      <td>0.029069</td>\n",
       "      <td>-0.012357</td>\n",
       "      <td>0.052217</td>\n",
       "    </tr>\n",
       "    <tr>\n",
       "      <th>freetime</th>\n",
       "      <td>0.016832</td>\n",
       "      <td>0.028947</td>\n",
       "      <td>-0.022691</td>\n",
       "      <td>-0.010801</td>\n",
       "      <td>-0.148808</td>\n",
       "      <td>0.091870</td>\n",
       "      <td>0.157335</td>\n",
       "      <td>1.000000</td>\n",
       "      <td>0.280100</td>\n",
       "      <td>0.207591</td>\n",
       "      <td>0.140342</td>\n",
       "      <td>0.082557</td>\n",
       "      <td>-0.059348</td>\n",
       "      <td>0.002585</td>\n",
       "      <td>-0.021814</td>\n",
       "      <td>0.006620</td>\n",
       "    </tr>\n",
       "    <tr>\n",
       "      <th>goout</th>\n",
       "      <td>0.123434</td>\n",
       "      <td>0.066094</td>\n",
       "      <td>0.053343</td>\n",
       "      <td>0.029055</td>\n",
       "      <td>-0.067799</td>\n",
       "      <td>0.127459</td>\n",
       "      <td>0.065852</td>\n",
       "      <td>0.280100</td>\n",
       "      <td>1.000000</td>\n",
       "      <td>0.268225</td>\n",
       "      <td>0.421521</td>\n",
       "      <td>0.000087</td>\n",
       "      <td>0.031400</td>\n",
       "      <td>-0.154492</td>\n",
       "      <td>-0.165185</td>\n",
       "      <td>-0.141994</td>\n",
       "    </tr>\n",
       "    <tr>\n",
       "      <th>Dalc</th>\n",
       "      <td>0.129071</td>\n",
       "      <td>0.023131</td>\n",
       "      <td>0.010603</td>\n",
       "      <td>0.135563</td>\n",
       "      <td>-0.204538</td>\n",
       "      <td>0.138057</td>\n",
       "      <td>-0.085185</td>\n",
       "      <td>0.207591</td>\n",
       "      <td>0.268225</td>\n",
       "      <td>1.000000</td>\n",
       "      <td>0.647451</td>\n",
       "      <td>0.096316</td>\n",
       "      <td>0.112605</td>\n",
       "      <td>-0.090887</td>\n",
       "      <td>-0.060468</td>\n",
       "      <td>-0.055379</td>\n",
       "    </tr>\n",
       "    <tr>\n",
       "      <th>Walc</th>\n",
       "      <td>0.126035</td>\n",
       "      <td>-0.049330</td>\n",
       "      <td>-0.002497</td>\n",
       "      <td>0.126178</td>\n",
       "      <td>-0.252974</td>\n",
       "      <td>0.142472</td>\n",
       "      <td>-0.117735</td>\n",
       "      <td>0.140342</td>\n",
       "      <td>0.421521</td>\n",
       "      <td>0.647451</td>\n",
       "      <td>1.000000</td>\n",
       "      <td>0.093194</td>\n",
       "      <td>0.137826</td>\n",
       "      <td>-0.126389</td>\n",
       "      <td>-0.082779</td>\n",
       "      <td>-0.045850</td>\n",
       "    </tr>\n",
       "    <tr>\n",
       "      <th>health</th>\n",
       "      <td>-0.052043</td>\n",
       "      <td>-0.032245</td>\n",
       "      <td>0.021310</td>\n",
       "      <td>0.001518</td>\n",
       "      <td>-0.087647</td>\n",
       "      <td>0.075659</td>\n",
       "      <td>0.112914</td>\n",
       "      <td>0.082557</td>\n",
       "      <td>0.000087</td>\n",
       "      <td>0.096316</td>\n",
       "      <td>0.093194</td>\n",
       "      <td>1.000000</td>\n",
       "      <td>-0.032393</td>\n",
       "      <td>-0.070021</td>\n",
       "      <td>-0.083056</td>\n",
       "      <td>-0.042029</td>\n",
       "    </tr>\n",
       "    <tr>\n",
       "      <th>absences</th>\n",
       "      <td>0.171972</td>\n",
       "      <td>0.102970</td>\n",
       "      <td>0.023769</td>\n",
       "      <td>-0.017003</td>\n",
       "      <td>-0.057211</td>\n",
       "      <td>0.060324</td>\n",
       "      <td>-0.040674</td>\n",
       "      <td>-0.059348</td>\n",
       "      <td>0.031400</td>\n",
       "      <td>0.112605</td>\n",
       "      <td>0.137826</td>\n",
       "      <td>-0.032393</td>\n",
       "      <td>1.000000</td>\n",
       "      <td>-0.036599</td>\n",
       "      <td>-0.035666</td>\n",
       "      <td>0.027746</td>\n",
       "    </tr>\n",
       "    <tr>\n",
       "      <th>G1</th>\n",
       "      <td>-0.067711</td>\n",
       "      <td>0.193389</td>\n",
       "      <td>0.183592</td>\n",
       "      <td>-0.098264</td>\n",
       "      <td>0.165170</td>\n",
       "      <td>-0.352140</td>\n",
       "      <td>0.029069</td>\n",
       "      <td>0.002585</td>\n",
       "      <td>-0.154492</td>\n",
       "      <td>-0.090887</td>\n",
       "      <td>-0.126389</td>\n",
       "      <td>-0.070021</td>\n",
       "      <td>-0.036599</td>\n",
       "      <td>1.000000</td>\n",
       "      <td>0.851263</td>\n",
       "      <td>0.801366</td>\n",
       "    </tr>\n",
       "    <tr>\n",
       "      <th>G2</th>\n",
       "      <td>-0.141697</td>\n",
       "      <td>0.209363</td>\n",
       "      <td>0.166323</td>\n",
       "      <td>-0.152342</td>\n",
       "      <td>0.134902</td>\n",
       "      <td>-0.357422</td>\n",
       "      <td>-0.012357</td>\n",
       "      <td>-0.021814</td>\n",
       "      <td>-0.165185</td>\n",
       "      <td>-0.060468</td>\n",
       "      <td>-0.082779</td>\n",
       "      <td>-0.083056</td>\n",
       "      <td>-0.035666</td>\n",
       "      <td>0.851263</td>\n",
       "      <td>1.000000</td>\n",
       "      <td>0.904822</td>\n",
       "    </tr>\n",
       "    <tr>\n",
       "      <th>G3</th>\n",
       "      <td>-0.151281</td>\n",
       "      <td>0.206274</td>\n",
       "      <td>0.147424</td>\n",
       "      <td>-0.112332</td>\n",
       "      <td>0.090897</td>\n",
       "      <td>-0.364258</td>\n",
       "      <td>0.052217</td>\n",
       "      <td>0.006620</td>\n",
       "      <td>-0.141994</td>\n",
       "      <td>-0.055379</td>\n",
       "      <td>-0.045850</td>\n",
       "      <td>-0.042029</td>\n",
       "      <td>0.027746</td>\n",
       "      <td>0.801366</td>\n",
       "      <td>0.904822</td>\n",
       "      <td>1.000000</td>\n",
       "    </tr>\n",
       "  </tbody>\n",
       "</table>\n",
       "</div>"
      ],
      "text/plain": [
       "                 age      Medu      Fedu  traveltime  studytime  failures  \\\n",
       "age         1.000000 -0.167015 -0.171418    0.068276   0.000939  0.245542   \n",
       "Medu       -0.167015  1.000000  0.623658   -0.172317   0.070945 -0.232054   \n",
       "Fedu       -0.171418  0.623658  1.000000   -0.156633  -0.000988 -0.253699   \n",
       "traveltime  0.068276 -0.172317 -0.156633    1.000000  -0.097773  0.097450   \n",
       "studytime   0.000939  0.070945 -0.000988   -0.097773   1.000000 -0.177134   \n",
       "failures    0.245542 -0.232054 -0.253699    0.097450  -0.177134  1.000000   \n",
       "famrel      0.055171  0.003077 -0.007223   -0.014399   0.030327 -0.048290   \n",
       "freetime    0.016832  0.028947 -0.022691   -0.010801  -0.148808  0.091870   \n",
       "goout       0.123434  0.066094  0.053343    0.029055  -0.067799  0.127459   \n",
       "Dalc        0.129071  0.023131  0.010603    0.135563  -0.204538  0.138057   \n",
       "Walc        0.126035 -0.049330 -0.002497    0.126178  -0.252974  0.142472   \n",
       "health     -0.052043 -0.032245  0.021310    0.001518  -0.087647  0.075659   \n",
       "absences    0.171972  0.102970  0.023769   -0.017003  -0.057211  0.060324   \n",
       "G1         -0.067711  0.193389  0.183592   -0.098264   0.165170 -0.352140   \n",
       "G2         -0.141697  0.209363  0.166323   -0.152342   0.134902 -0.357422   \n",
       "G3         -0.151281  0.206274  0.147424   -0.112332   0.090897 -0.364258   \n",
       "\n",
       "              famrel  freetime     goout      Dalc      Walc    health  \\\n",
       "age         0.055171  0.016832  0.123434  0.129071  0.126035 -0.052043   \n",
       "Medu        0.003077  0.028947  0.066094  0.023131 -0.049330 -0.032245   \n",
       "Fedu       -0.007223 -0.022691  0.053343  0.010603 -0.002497  0.021310   \n",
       "traveltime -0.014399 -0.010801  0.029055  0.135563  0.126178  0.001518   \n",
       "studytime   0.030327 -0.148808 -0.067799 -0.204538 -0.252974 -0.087647   \n",
       "failures   -0.048290  0.091870  0.127459  0.138057  0.142472  0.075659   \n",
       "famrel      1.000000  0.157335  0.065852 -0.085185 -0.117735  0.112914   \n",
       "freetime    0.157335  1.000000  0.280100  0.207591  0.140342  0.082557   \n",
       "goout       0.065852  0.280100  1.000000  0.268225  0.421521  0.000087   \n",
       "Dalc       -0.085185  0.207591  0.268225  1.000000  0.647451  0.096316   \n",
       "Walc       -0.117735  0.140342  0.421521  0.647451  1.000000  0.093194   \n",
       "health      0.112914  0.082557  0.000087  0.096316  0.093194  1.000000   \n",
       "absences   -0.040674 -0.059348  0.031400  0.112605  0.137826 -0.032393   \n",
       "G1          0.029069  0.002585 -0.154492 -0.090887 -0.126389 -0.070021   \n",
       "G2         -0.012357 -0.021814 -0.165185 -0.060468 -0.082779 -0.083056   \n",
       "G3          0.052217  0.006620 -0.141994 -0.055379 -0.045850 -0.042029   \n",
       "\n",
       "            absences        G1        G2        G3  \n",
       "age         0.171972 -0.067711 -0.141697 -0.151281  \n",
       "Medu        0.102970  0.193389  0.209363  0.206274  \n",
       "Fedu        0.023769  0.183592  0.166323  0.147424  \n",
       "traveltime -0.017003 -0.098264 -0.152342 -0.112332  \n",
       "studytime  -0.057211  0.165170  0.134902  0.090897  \n",
       "failures    0.060324 -0.352140 -0.357422 -0.364258  \n",
       "famrel     -0.040674  0.029069 -0.012357  0.052217  \n",
       "freetime   -0.059348  0.002585 -0.021814  0.006620  \n",
       "goout       0.031400 -0.154492 -0.165185 -0.141994  \n",
       "Dalc        0.112605 -0.090887 -0.060468 -0.055379  \n",
       "Walc        0.137826 -0.126389 -0.082779 -0.045850  \n",
       "health     -0.032393 -0.070021 -0.083056 -0.042029  \n",
       "absences    1.000000 -0.036599 -0.035666  0.027746  \n",
       "G1         -0.036599  1.000000  0.851263  0.801366  \n",
       "G2         -0.035666  0.851263  1.000000  0.904822  \n",
       "G3          0.027746  0.801366  0.904822  1.000000  "
      ]
     },
     "execution_count": 41,
     "metadata": {},
     "output_type": "execute_result"
    }
   ],
   "source": [
    "df.corr()"
   ]
  },
  {
   "cell_type": "markdown",
   "metadata": {},
   "source": []
  },
  {
